1111111
1110110
0100111
1000100
1011110
1101010
0111111
0010010
1111001
1100001
0101101
0001110
0111000
1111010
0110110
0001000
1001100
1011000
1110100
1111110
1101001
1111100
0110111
0111111
0110011
0101011
1010010
1010010
0011101
0111010
1101010
0010000
0100000
1000110
0001010
0100010
0010001
1001001
1100010
0000001
0000110
0010100
1001000
0001000
1010001
0001100
0100101
1101000
1011011
1011000
0000001
1100001
1001101
1010110
1110110
0011011
0101010
0111001
0010011
0100100
0010111
0110110
0011010
0010010
1010100
0111010
1111100
0100100
0000101
0100011
1010111
1100000
0111110
1010011
0011100
0110101
1101001
0101011
0100111
0001110
1101101
0010010
0010110
0011111
1100001
0001010
0100010
1000010
1001101
1000011
0001100
1100001
0110010
1011011
1100011
1001110
0110000
1110110
0011110
0101001
1001011
1101000
0001011
0100010
0111000
0000010
0110011
1110100
0001010
1100010
0110010
1110001
0100011
0111111
0001010
0000000
0010111
0100000
0000111
1000010
0011011
1101001
1101001
0111110
1101000
0011011
1110010
1010001
1000101
0100110
0100111
1111101
1110000
0110011
0010001
0101111
1010110
0010100
1011100
0000101
1111111
1010001
1010110
1000110
0111000
0011000
0100110
0110011
1010111
0010001
0110011
1000001
0011001
1000100
1011011
0101010
0001000
0001001
0011100
0100110
1110001
0111100
0100110
0101000
1111101
1110110
1100010
1000101
0010110
1100000
0110100
0001101
0000111
1101000
0111001
1010111
0010011
1010110
0001010
0001110
1001011
1001010
1010011
0101111
0111010
1010110
1110011
1011010
1110100
1100010
0001010
1110000
1001100
0110110
0110011
0110100
1001000
0010000
0111000
1101110
1101110
1000010
0101000
1110101
1001100
1110001
1011100
1111011
0000101
0101101
0010011
1001111
1000100
0100000
1001010
0111000
0101011
0100100
0100001
1101011
1001111
0000100
0100001
1111000
1111011
0010110
1010001
1100101
0010011
1111101
1010001
0001011
0100010
0000100
1011101
0010100
1011001
0000110
0010011
0001001
1100001
1101101
1101110
0001010
1111100
1100110
1101000
0000110
1101101
0111100
0101001
1010010
0000110
0000010
0000110
0011001
0000001
0000110
0001111
1001100
1011000
1111001
1010100
1110111
0000001
0001000
1010100
0101001
0000010
1000000
1101001
1110011
0001000
0010000
0000101
0100010
1000101
1101110
0110111
0100100
0101101
1001100
1100010
0110011
1111111
0011110
1100000
1100101
1001110
1110000
1010111
1001110
1100101
1010010
0111010
0101011
1001000
1001110
1001000
0001101
1101001
1110010
1011110
0101010
0100101
0010110
1000011
1010001
0011101
1010100
1011111
1010110
0101011
0001110
0001011
0101011
1111000
1011111
0011010
1100000
1010001
0110110
1101100
1110011
0100000
1101010
0111010
0111111
1000111
1000000
0011110
1000101
0011010
0101011
0001100
1000110
1101101
1011100
0111001
0011111
0010100
1000100
0101000
0001001
0101010
1100001
1011011
0111100
0100111
1100001
0010010
1100010
1010100
1101001
1101000
0001000
0001111
0011000
0001100
1011101
1000110
1000010
1000100
0011000
0100011
1101001
1001100
0001000
0010000
0101001
0111010
1010000
0111001
0001001
1011001
1111110
0001110
0010110
0000100
1000010
0111011
1000011
0000111
1010011
1010000
0000011
1001100
0111011
1010011
0110111
0101110
0111100
1110100
1000111
0010001
1110000
1001010
0100010
0001101
1000000
1101111
1011010
0110110
1110110
0001000
0100011
1000000
1011001
0111101
1011000
1001010
0010011
0000011
1011110
0001110
0111101
0011101
0011010
1010101
1100100
1001000
1010010
0001111
0110111
1001100
1101000
1001010
0100101
0100011
1000001
1111010
1011101
0000110
0011110
0100111
1010110
1100001
0111001
0110010
1101010
0110011
1001000
0011110
1010011
1100011
0000010
1100001
1001101
0011001
1101000
0110010
0010010
1001110
1001011
1101111
1010100
0110000
1000100
1110010
0111101
0010001
1110011
1010000
1010111
1011010
0110000
1101101
1000110
1000011
0011010
0011001
0001010
1011011
0101111
0111011
0100000
0110001
0100000
0000101
1000011
1011000
0001010
1101110
0111110
0000001
0000101
1001100
1100100
1011110
0000010
1101111
0101011
1101101
1001100
0001010
0101010
0110100
0100100
1101111
0110111
0111100
1101001
1010100
1000110
0010100
0011010
1000000
1010110
0000001
0110000
0110101
1000011
0110011
0111001
1101100
0010010
1010100
0000010
0110000
1000000
1111001
0000111
0001001
0111100
1010010
1010011
1000110
1100011
0010100
0011000
0111101
0010100
1011111
1110100
1000011
0001100
0111001
1100011
0110000
0100011
1101010
0011111
0000000
1000001
0100110
1010100
1101110
1010110
1011011
1000000
1101001
0011000
1101100
0111110
0010111
1111100
1000001
1111001
1111101
1110111
1110111
0100010
1110100
0011001
1100010
0101101
1101000
1111010
1101100
1110000
1110101
1111111
1001101
0011000
0010010
1110101
1000110
1000100
1010001
0101011
1100001
1001100
1100001
0000110
1110011
1001010
0001101
1011010
0011010
1101100
1100110
0000101
1100010
0100001
1100110
1010001
0000001
0100011
0110001
1111000
0010001
1101000
0000110
0100110
0011101
1100000
1001000
1000010
1101011
1101100
1111000
1111011
1000100
1100110
0011001
0101010
0000001
1000111
0100100
0110010
1000101
1011100
0111000
1010000
1100111
0000000
1000100
1010100
0110000
0101011
0111000
0111010
0101110
0110111
1101010
0101100
0001011
1110101
1011011
0000001
0001010
1100000
0111101
1001010
0111010
0000110
0101111
1000011
1000001
1011011
0101110
1110010
1011101
1011100
1101110
0101110
1101110
1110100
0010010
0011100
1001011
1101100
1000101
1011110
0101000
0000111
0111011
0001101
1011010
1110100
1011010
1001001
1001110
1101100
1010110
0010100
0011001
1000000
1100001
1110100
1110100
1110001
0101110
1001000
0110011
1100000
1010101
0010111
1100100
0000010
1001111
0001100
0100110
0100100
000001